"x" "y" "S1" "S2" "S3" "S4" "S5"
225 144 -92 -78 -49 -92 -92
0 144 -75 -92 -87 -47 -92
111 132 -92 -92 -80 -70 -65
110.7 132 -87 -92 -67 -67 -62
105 132 -92 -92 -79 -66 -61
99 132 -92 -92 -79 -70 -61
201 132 -92 -74 -42 -77 -85
93 132 -92 -92 -76 -66 -68
87 132 -92 -92 -80 -68 -71
81 132 -85 -92 -82 -64 -73
75 132 -85 -92 -82 -64 -73
72.3 132 -85 -92 -80 -64 -73
69 132 -88 -92 -77 -60 -80
63 132 -85 -92 -83 -60 -78
57 132 -83 -92 -82 -58 -83
51 132 -78 -92 -83 -55 -86
46.7 132 -79 -92 -78 -53 -80
45 132 -76 -92 -79 -56 -87
39 132 -80 -92 -76 -51 -88
195 132 -92 -79 -50 -77 -85
33 132 -75 -92 -79 -50 -92
27 132 -74 -92 -78 -40 -92
21 132 -74 -92 -86 -42 -92
189 132 -92 -85 -49 -82 -85
183 132 -92 -85 -51 -82 -83
178 132 -92 -82 -55 -83 -83
177 132 -92 -82 -57 -83 -83
171 132 -92 -86 -64 -79 -81
165 132 -92 -92 -65 -78 -79
159 132 -92 -85 -62 -79 -81
153 132 -92 -92 -69 -77 -76
147 132 -92 -92 -73 -76 -76
141 132 -92 -92 -69 -72 -72
135 132 -92 -92 -73 -74 -67
129 132 -92 -92 -79 -78 -65
123 132 -92 -92 -81 -69 -70
117 132 -92 -92 -80 -69 -69
206 32 -92 -35 -71 -92 -77
110.7 30 -80 -79 -88 -89 -59
171.4 30 -89 -56 -78 -92 -70
213 28 -92 -43 -70 -92 -75
12 28 -48 -92 -92 -64 -92
110.7 24 -83 -78 -88 -92 -60
171.4 24 -86 -58 -88 -92 -67
213 22 -92 -46 -68 -92 -79
12 22 -48 -86 -92 -65 -92
110.7 18 -80 -76 -92 -87 -62
171.4 18 -83 -51 -84 -92 -66
213 16 -92 -43 -71 -92 -77
111 16 -72 -72 -92 -90 -64
105 16 -74 -75 -92 -92 -63
99 16 -78 -75 -92 -92 -67
201 16 -83 -41 -75 -89 -76
93 16 -74 -76 -92 -92 -71
87 16 -74 -78 -92 -86 -73
81 16 -73 -76 -92 -89 -73
77 16 -75 -78 -92 -92 -71
75 16 -64 -78 -92 -90 -73
69 16 -67 -76 -92 -87 -77
63 16 -68 -78 -92 -87 -82
57 16 -63 -80 -92 -87 -81
51 16 -62 -82 -92 -87 -80
45 16 -59 -78 -92 -81 -85
39 16 -55 -79 -92 -82 -86
195 16 -84 -44 -79 -92 -75
33 16 -52 -83 -92 -79 -92
27 16 -51 -85 -92 -80 -86
21.5 16 -57 -79 -92 -78 -80
21 16 -47 -82 -92 -71 -92
189 16 -80 -49 -82 -92 -76
183 16 -82 -53 -80 -92 -75
177 16 -77 -56 -86 -92 -73
171 16 -76 -57 -92 -92 -71
165 16 -79 -60 -92 -92 -70
159 16 -81 -65 -92 -92 -69
153 16 -80 -70 -92 -92 -64
147 16 -78 -69 -92 -92 -61
141 16 -77 -67 -92 -92 -57
135 16 -81 -74 -92 -92 -62
129 16 -78 -72 -92 -92 -67
123 16 -79 -69 -92 -90 -61
117 16 -74 -74 -92 -86 -56
171.4 15 -78 -55 -86 -92 -68
110.7 120 -89 -92 -84 -79 -59
72.3 120 -85 -92 -88 -71 -74
46.7 120 -77 -92 -82 -54 -82
19 120 -63 -92 -83 -35 -83
178 120 -92 -80 -57 -86 -74
153 120 -92 -87 -68 -84 -72
128.6 120 -92 -92 -80 -83 -64
110.7 12 -73 -63 -92 -89 -65
224.5 1 -87 -48 -78 -92 -84
0 1 -53 -87 -92 -75 -92
213 118 -92 -68 -44 -84 -86
110.7 114 -89 -92 -83 -78 -61
72.3 114 -77 -92 -86 -70 -73
46.7 114 -73 -92 -85 -55 -79
178 114 -92 -77 -54 -87 -78
153 114 -92 -87 -68 -87 -75
128.6 114 -92 -92 -79 -85 -65
213 130 -92 -71 -41 -79 -92
12 130 -69 -92 -77 -44 -92
213 112 -92 -67 -41 -89 -86
12 112 -67 -92 -84 -37 -92
110.7 108 -88 -92 -79 -76 -61
72.3 108 -83 -92 -85 -69 -69
46.7 108 -74 -92 -82 -55 -81
178 108 -92 -78 -55 -86 -76
153 108 -92 -84 -72 -81 -74
128.6 108 -92 -92 -77 -81 -57
213 106 -92 -70 -39 -85 -79
12 106 -71 -92 -81 -41 -85
78 128.5 -88 -92 -67 -67 -71
147 128.5 -92 -92 -58 -73 -79
110.7 102 -85 -92 -80 -77 -52
72.3 102 -76 -92 -85 -61 -65
46.7 102 -70 -92 -84 -56 -74
178 102 -92 -75 -50 -85 -76
153 102 -92 -86 -70 -82 -73
128.6 102 -89 -89 -74 -81 -58
209 101 -92 -58 -49 -86 -84
213 100 -92 -61 -48 -73 -77
12 100 -67 -92 -81 -43 -80
178 99 -85 -78 -53 -78 -75
153 99 -88 -86 -67 -71 -70
128.6 99 -83 -92 -73 -66 -57
213 98 -92 -64 -43 -81 -78
111 98 -84 -86 -79 -70 -57
105 98 -85 -88 -75 -74 -56
99 98 -84 -88 -78 -69 -58
201 98 -89 -73 -40 -73 -76
93 98 -81 -92 -80 -65 -60
87 98 -80 -92 -75 -65 -59
81 98 -77 -92 -78 -64 -66
75 98 -77 -92 -81 -64 -66
69 98 -74 -92 -82 -62 -69
63 98 -75 -92 -77 -57 -75
57 98 -73 -92 -79 -57 -75
51 98 -72 -92 -79 -52 -76
45 98 -66 -92 -79 -50 -78
39 98 -71 -92 -78 -47 -79
195 98 -85 -74 -48 -71 -77
33 98 -66 -92 -78 -41 -78
27 98 -69 -92 -81 -40 -81
21 98 -60 -92 -77 -41 -83
15 98 -58 -92 -82 -43 -85
12 98 -60 -92 -83 -41 -83
189 98 -92 -74 -55 -79 -77
183 98 -89 -79 -51 -76 -70
177 98 -92 -77 -59 -76 -73
171 98 -89 -79 -62 -68 -72
165 98 -89 -79 -61 -66 -70
159 98 -89 -83 -65 -69 -70
207 98 -90 -71 -40 -75 -77
153 98 -90 -82 -68 -67 -67
147 98 -90 -88 -69 -64 -64
147 98 -90 -88 -69 -64 -64
141 98 -90 -85 -71 -69 -60
135 98 -86 -86 -74 -69 -61
129 98 -85 -87 -73 -72 -58
123 98 -87 -87 -78 -73 -53
117 98 -81 -90 -75 -68 -52
110.7 96 -83 -85 -75 -67 -54
72.3 96 -75 -92 -83 -67 -66
46.7 96 -67 -92 -81 -50 -80
213 94 -92 -67 -47 -82 -81
12 94 -62 -92 -82 -47 -86
110.7 90 -81 -82 -83 -79 -50
46.7 90 -66 -92 -92 -57 -77
213 88 -92 -68 -49 -88 -78
12 88 -65 -92 -92 -47 -86
110.7 84 -83 -86 -81 -77 -47
46.7 84 -65 -92 -89 -55 -79
15.5 82.2 -52 -92 -90 -54 -83
213 82 -92 -61 -54 -86 -76
12 82 -57 -92 -92 -50 -86
110.7 78 -82 -79 -83 -81 -48
46.7 78 -62 -92 -92 -62 -74
213 76 -92 -60 -57 -92 -77
12 76 -53 -92 -92 -48 -79
110.7 126 -92 -92 -77 -73 -61
72.3 126 -84 -92 -81 -65 -77
46.7 126 -78 -92 -86 -56 -82
178 126 -92 -81 -59 -87 -84
153 126 -92 -84 -71 -85 -77
128.6 126 -92 -92 -78 -79 -64
110.7 72 -81 -77 -83 -83 -41
46.7 72 -63 -92 -92 -63 -72
114.7 70.5 -80 -70 -85 -87 -39
213 70 -92 -57 -61 -92 -72
12 70 -53 -92 -92 -52 -81
46.7 66 -59 -92 -92 -63 -73
213 64 -92 -58 -61 -92 -61
12 64 -49 -92 -92 -58 -76
110.7 60 -78 -76 -85 -83 -41
46.7 60 -53 -92 -92 -67 -71
171.4 60 -84 -67 -78 -92 -59
213 58 -84 -56 -62 -92 -58
12 58 -45 -78 -92 -57 -70
75.5 56.7 -66 -79 -92 -88 -57
166.5 56.7 -77 -65 -79 -92 -56
111 56.5 -74 -80 -87 -82 -42
105 56.5 -73 -84 -88 -85 -45
99 56.5 -72 -80 -88 -83 -54
201 56.5 -74 -48 -68 -92 -62
93 56.5 -67 -86 -92 -80 -55
87 56.5 -65 -85 -92 -80 -53
81 56.5 -70 -87 -92 -79 -59
75 56.5 -63 -88 -92 -76 -65
69 56.5 -60 -84 -92 -77 -62
63 56.5 -61 -86 -92 -75 -65
57 56.5 -57 -89 -92 -72 -70
51 56.5 -57 -86 -92 -72 -67
45 56.5 -55 -86 -92 -64 -68
39 56.5 -50 -86 -92 -71 -73
195 56.5 -72 -54 -69 -88 -56
33 56.5 -49 -85 -92 -69 -72
27 56.5 -45 -86 -92 -71 -74
21 56.5 -45 -82 -92 -64 -75
15 56.5 -41 -84 -92 -55 -80
12 56.5 -45 -92 -92 -59 -80
189 56.5 -74 -55 -71 -88 -60
183 56.5 -79 -58 -69 -92 -53
177 56.5 -81 -63 -69 -92 -57
171 56.5 -79 -66 -76 -92 -51
165 56.5 -77 -64 -81 -90 -50
159 56.5 -78 -73 -75 -88 -48
207 56.5 -79 -51 -63 -88 -65
153 56.5 -80 -71 -78 -90 -49
147 56.5 -79 -75 -78 -89 -51
141 56.5 -76 -77 -83 -86 -48
135 56.5 -72 -82 -85 -88 -49
129 56.5 -71 -81 -86 -86 -44
123 56.5 -76 -76 -86 -87 -40
117 56.5 -75 -78 -86 -89 -43
110.7 54 -70 -80 -85 -80 -52
46.7 54 -53 -81 -92 -71 -68
171.4 54 -77 -69 -76 -90 -56
213 124 -92 -68 -44 -82 -92
12 124 -71 -92 -84 -36 -92
213 52 -82 -54 -64 -92 -64
12 52 -40 -92 -92 -58 -77
209 49 -85 -51 -92 -92 -67
110.7 48 -72 -78 -87 -89 -48
171.4 48 -89 -60 -77 -92 -60
213 46 -92 -48 -67 -92 -68
12 46 -39 -92 -92 -57 -80
110.7 42 -77 -78 -86 -92 -56
171.4 42 -88 -66 -79 -92 -60
213 40 -92 -46 -67 -92 -70
12 40 -36 -92 -92 -65 -84
110.7 36 -77 -81 -86 -92 -52
171.4 36 -89 -60 -81 -92 -66
12 34 -42 -92 -92 -68 -85
19 49 -33 -85 -92 -72 -82
213 34 -92 -35 -71 -92 -75
206 120 -92 -67 -38 -81 -84
12 118 -72 -92 -85 -31 -92
110.7 66 -76 -81 -88 -84 -38
